not-fallen042_jpg.rf.d36ab2c06962f2455d6fba600b68b095.jpg 177,71,385,640,0 66,416,110,540,0 26,420,68,535,0 97,424,140,545,0 137,426,183,540,0 177,424,226,552,0 381,410,421,549,0 410,417,452,549,0 453,423,488,479,0 523,370,565,458,0 575,403,601,541,0 600,416,639,521,0 14,357,45,427,0 0,423,27,539,0
not-fallen155_jpg.rf.d604448ca8d997c0963c6fdfce692252.jpg 201,141,482,567,0
not-fallen027_jpg.rf.d104f2e0946d115ec16aa8692869bebd.jpg 268,140,383,621,0 87,171,136,413,0 183,200,216,343,0 352,205,395,319,0
fall070_jpg.rf.d538a60ae0130656150e636130977e58.jpg 224,2,617,574,0
not-fallen076_jpg.rf.cc0d874d8c16629ea88f0d6a4e024948.jpg 210,183,373,563,0
not-fallen052_jpg.rf.cfdbfcb242a720d605c7edf2c542e358.jpg 66,78,464,576,0
not-fallen056_jpg.rf.d71907bd21a92fc247525893b1950840.jpg 120,104,399,593,0 15,130,130,335,0
not-fallen045_jpg.rf.cdaad6856ead3aa38bcca8da236e44fd.jpg 18,38,256,613,0
fall055_jpg.rf.d4fd3dbece5775790245af7d5b4b5bc1.jpg 45,181,561,449,0
not-fallen133_jpg.rf.da64a3c03c3956706b702706e506d66f.jpg 15,76,407,620,0
fall185_jpg.rf.da27298c68f7ad8b91f6c2ddab20c193.jpg 63,280,200,480,0 160,483,457,639,0
not-fallen030_jpg.rf.cdbc4a0f02305c554a2b6bb87b60530c.jpg 187,39,428,597,0
fall138_jpg.rf.db0131ee0a6ccbe27cdb061db57ecb8a.jpg 192,75,415,487,0
fall021_jpg.rf.d5ee6a4518cf40bea9b98f5f3b0db715.jpg 39,178,531,528,0
fall114_jpg.rf.d81449a08385bca60099173b990f4c85.jpg 222,239,386,573,0 509,116,640,439,0
not-fallen025_jpg.rf.d3a8bed81fd28814648390fa7b56a62c.jpg 318,106,449,593,0
fall125_jpg.rf.d451d7ed17d861c5dcd35e7a36d85a15.jpg 108,504,449,640,0
fall183_jpg.rf.d95069ed8a06b371e43fe1c36093dd49.jpg 162,53,379,510,0
not-fallen003_jpg.rf.cc9dee3b7c079d25f98fdeb7ece7bead.jpg 148,156,398,564,0
fall095_jpg.rf.da482a39788d7cd77c1c9c84dc053eaa.jpg 0,0,618,503,0
not-fallen136_jpg.rf.cf2fed210a387adca922b5defe70ca77.jpg 225,35,600,569,0
not-fallen005_jpg.rf.cedd19944b84c4125c064404df37bee7.jpg 47,44,351,640,0
fall179_jpg.rf.d6fba6838bf5373978dd01d2ec42948a.jpg 178,361,481,589,0
fall108_jpg.rf.cd9b39592c84847c9a7a450bcb9aa8c9.jpg 83,315,374,538,0
not-fallen100_jpg.rf.d9aa4f4a06895b5065ce04949370c8ba.jpg 267,185,403,607,0
not-fallen143_jpg.rf.dd913e2d1365ebd30e79ca0521cd2567.jpg 294,73,482,611,0
not-fallen108_jpg.rf.e1f9ddc43ea62033aa3c53ce55812d84.jpg 232,61,401,615,0
fall063_jpg.rf.df16d9a3bd1781b7748ebf697e5b24e6.jpg 4,124,505,415,0
fall152_jpg.rf.e3720bb3bd986e839d0274c4a39a9dcd.jpg 147,364,424,582,0
not-fallen035_jpg.rf.dfb9e1f865435879e4d11d12c294e31c.jpg 107,199,379,605,0
not-fallen046_jpg.rf.e79f135c42c264999450739327a26c9b.jpg 359,157,513,594,0
not-fallen107_jpg.rf.dc76cc56ab747cef0ed5e0ad48f10366.jpg 173,71,573,592,0
not-fallen010_jpg.rf.e88caf2da954ff30c5083bd9379f2436.jpg 117,219,304,542,0
fall177_jpg.rf.e9e77195d0979f3c623d651fe7351f04.jpg 193,0,463,483,0
fall124_jpg.rf.dec2d17c08be1cdfe1647ffa90b48767.jpg 188,466,481,640,0
not-fallen119_jpg.rf.e8d4c184bca580891dbd7f98d99da9b0.jpg 13,70,223,640,0
not-fallen029_jpg.rf.e81328eee97579412b04f1f7e8e1cb8f.jpg 276,167,347,552,0
fall192_jpg.rf.e9ebcca6b6d69a02dc730937dcddcf6f.jpg 237,324,431,608,0
fall026_jpg.rf.ed47d65aff0310a473e68653276178a4.jpg 89,185,505,441,0
fall062_jpg.rf.ed2b17f1f66e557dc89a85150893f7c5.jpg 45,65,619,581,0
not-fallen099_jpg.rf.efa8bd773d7112088016a25105332842.jpg 332,121,510,624,0
not-fallen104_jpg.rf.efe40c9fb3cac1ff67fe477ae92f0fdd.jpg 110,109,503,640,0
fall105_jpg.rf.e9f137e6545c05e890b805fa1b260918.jpg 57,219,572,590,0
not-fallen142_jpg.rf.eea5b4f1b38e471381f306414d79d982.jpg 228,79,464,455,0
not-fallen134_jpg.rf.f098743d14c0681038cd6d32eeb3fca2.jpg 76,58,498,572,0
fall072_jpg.rf.f143bc8b958e13d6a76c33242a1c4022.jpg 0,0,640,513,0
not-fallen022_jpg.rf.f270aefede70200d3a7b0f754abe7f04.jpg 94,41,457,625,0
not-fallen116_jpg.rf.edf4af5a6ecaba16f61897514bc4d42b.jpg 320,57,496,573,0
fall146_jpg.rf.f283bfc9ed1488cd34ec085c9526c1f0.jpg
fall030_jpg.rf.f2188d4ebd1ec812c4e1a4736b70c51c.jpg 83,2,285,227,0 209,14,531,466,0
fall025_jpg.rf.f31fcdaf5cf4a438e1e433796c81083b.jpg 9,5,428,497,0
fall086_jpg.rf.f32abceed8bd1d45eae2ce6b02c3d8e7.jpg 214,240,579,496,0
fall196_jpg.rf.f2b76b0ffd2d913c02627597d02fffbd.jpg 217,0,395,499,0
not-fallen073_jpg.rf.f39184880532f89ac325c22dedf4c418.jpg 51,177,395,559,0
fall200_jpg.rf.f4d1641288dd6e2c90eefd2615d7c5e6.jpg 227,484,418,640,0
fall198_jpg.rf.f5b50be95ac0003c7e427d80703bec67.jpg 246,296,388,535,0 498,139,640,500,0
fall143_jpg.rf.f5cce1285e087c7ce02eab80bc6213cc.jpg 54,432,472,640,0
fall193_jpg.rf.f805216d60092aec143784e4740952e7.jpg 96,255,548,575,0
not-fallen103_jpg.rf.f653d382c23a850198593d0b6b8d704c.jpg 275,47,533,638,0
fall059_jpg.rf.f5f55a053bb8f581ce05fcb211f4b6ce.jpg 8,66,608,495,0
fall118_jpg.rf.f8de316a4eaa435452195ea8bdc9ba77.jpg 167,390,466,640,0
not-fallen091_jpg.rf.f6ca811749fb7a9f162f727737a40fe5.jpg 207,83,399,640,0
not-fallen129_jpg.rf.f9b757817d96273c745fa55cca8040b5.jpg 163,66,330,616,0
fall112_jpg.rf.fa1f7d933029538ba9eb21280bb4132e.jpg 248,262,369,536,0 506,152,640,429,0
not-fallen001_jpg.rf.fb517f998c7553f203c95af6e7103e17.jpg 108,32,536,597,0
not-fallen017_jpg.rf.f8e1e54cadc1cd55520655f7d89db172.jpg 170,261,635,581,0 438,202,640,400,0 100,161,128,249,0 194,168,270,241,0 298,169,330,237,0 228,206,343,269,0
fall015_jpg.rf.fa378b4725bc10c121046b0023a7f8c2.jpg 267,252,627,621,0
fall162_jpg.rf.fc2c211f6a5f7129e56a6854c65b38dc.jpg 140,133,383,457,0
not-fallen049_jpg.rf.f822a9b464993c81cc07c2c61e78ac49.jpg 275,9,599,619,0
fall083_jpg.rf.fe746619ef1a5825c39fc4d1cf20de8c.jpg 114,373,332,624,0 210,13,263,212,0 266,24,334,209,0
fall011_jpg.rf.fca763e13285915f88f6bc38e0d62067.jpg 74,0,638,404,0
fall012_jpg.rf.fcf487b7cf2587af8076a8e5868317f4.jpg 126,93,568,638,0
fall003_jpg.rf.ffaa44a85308f940b5febf1e90aec1ef.jpg 109,185,589,511,0
not-fallen151_jpg.rf.fecf09d91731ace9c014e6750167c378.jpg 103,13,391,615,0
fall147_jpg.rf.00da1f60cb60c76d7a836718b388d6ca.jpg 160,436,499,640,0
not-fallen122_jpg.rf.02ccfb17d3d04e61fa5c6fc49503f590.jpg 179,96,344,640,0
fall057_jpg.rf.02ce84e20029598e5f9994a2c77bceb0.jpg 12,261,619,624,0
fall064_jpg.rf.01bf08db072fd62eba2ac5b42f4cefef.jpg 63,36,570,459,0
not-fallen051_jpg.rf.0396129ca03a448cb5ca67cea6bf5316.jpg 204,61,574,611,0
not-fallen145_jpg.rf.036dc0db4f4a62ad4d2b3c8cfe7cd8a9.jpg 227,51,486,564,0
not-fallen111_jpg.rf.04f59094791a28222547e4e9ccd186a1.jpg 278,70,379,558,0
fall075_jpg.rf.03ae2823a054f721968fe00af77183b3.jpg 18,93,417,528,0
fall048_jpg.rf.03f1f415c6e5231b7fc34cf664c9cd88.jpg 0,43,634,575,0
fall159_jpg.rf.06c8aa493514a8f4c480f795349839bd.jpg 89,310,391,640,0
fall127_jpg.rf.06a23abbfb9cba8de34df0198346dbfe.jpg 157,330,402,640,0
fall134_jpg.rf.07e340aa801a9023be4b2e2fcaeecf21.jpg 129,191,493,419,0
fall104_jpg.rf.090195a6fa529e9ff7a582032f2c0018.jpg 161,26,521,541,0
not-fallen094_jpg.rf.0b6a510fe8ecb918b96b4ae47095043b.jpg 385,234,494,543,0
not-fallen064_jpg.rf.0d0f1ddd729c520f06a9b74fd0ebbf99.jpg 10,55,640,589,0
fall005_jpg.rf.0d01f2b6885a711e2944b903a99ec7c0.jpg 46,10,561,571,0
not-fallen038_jpg.rf.12d8bb900085dbf7368c10de6678ec87.jpg 266,134,403,507,0
fall139_jpg.rf.121da0c130c20c54797e990e58309478.jpg 133,96,426,477,0
fall132_jpg.rf.0d8fc311e7d82f8efae4d08b3e7f60c2.jpg 93,441,471,640,0
fall155_jpg.rf.0e0d9527e12b548f5e315e72147fa96f.jpg 192,193,444,410,0
fall076_jpg.rf.14b13f1288519380a6aa93ce2d758975.jpg 16,16,640,615,0
fall080_jpg.rf.1338642f30f69667668e202757df32b1.jpg 53,174,459,384,0
not-fallen096_jpg.rf.16f61d2d228d1b955e830df192237dfd.jpg 201,52,469,629,0
fall074_jpg.rf.12dc91b07f1b2eef2542be83adcb0e00.jpg 0,3,589,640,0
fall044_jpg.rf.19792e4f93d93ad670dd2cc524e59530.jpg 79,35,505,433,0
not-fallen105_jpg.rf.1795f20f8599c1305993e962b80bc33e.jpg 25,231,343,640,0
fall019_jpg.rf.1a6d28ef359574f4f78fb434dcef2e2a.jpg 108,84,616,570,0
not-fallen012_jpg.rf.1bba6d0220c3fb0ac279777172b65acc.jpg 289,171,477,640,0
fall001_jpg.rf.14fa73d4b3acf13e7dca4546629ed7ce.jpg 189,268,472,430,0
fall033_jpg.rf.1b97ff45fb5a053f499a4529b49768af.jpg 56,0,439,632,0
not-fallen164_jpg.rf.1bf460acbca63ae6c077b90429c003ba.jpg 111,188,257,600,0
fall173_jpg.rf.1bddcf3c35b194178230e406a3fbd05c.jpg 181,179,442,431,0
not-fallen144_jpg.rf.1c9c2aa890884b9e708439847d891d7b.jpg 263,202,529,637,0
fall050_jpg.rf.22b58d809294da50f5ce0a418c8ba276.jpg 220,92,634,580,0
not-fallen106_jpg.rf.20afb685e09ad4a17300eeddbb4ffbbf.jpg 138,132,456,596,0
fall149_jpg.rf.1f329fd513d42c0ff42651cc17103161.jpg 171,61,413,485,0
fall154_jpg.rf.243b7943073dbc6da1b3bca09803375c.jpg 217,267,402,525,0 511,113,640,403,0
fall111_jpg.rf.2573ae786fe3841b3c4aa6cf95442ac9.jpg 71,217,596,640,0
not-fallen131_jpg.rf.274a05d32702c6022efbd8367e3e6aed.jpg 49,87,323,640,0
fall205_jpg.rf.20504235b0531247d331c039f21c3136.jpg 105,329,335,612,0
not-fallen093_jpg.rf.28212a0400ad0e7ca43560a82e69d214.jpg 132,23,456,547,0
fall166_jpg.rf.24a149409a22a0be6b5098cda7ec7f58.jpg 35,447,449,640,0
not-fallen013_jpg.rf.27c53ce0fcd5009040752a381537630c.jpg 68,10,615,640,0
not-fallen063_jpg.rf.27bc7ed7831528a6ae530274bdd5f2b3.jpg 195,104,521,430,0
fall078_jpg.rf.29c73c9fff3b7c4234f9daf30db2793f.jpg 10,0,549,575,0
fall174_jpg.rf.285927f5ba3f7f4fb6e4c9082a5c9d27.jpg 157,170,456,521,0
not-fallen007_jpg.rf.24279946107ce3bb452ba9428af347dd.jpg 265,92,471,601,0
not-fallen074_jpg.rf.2c91d934e9c0b485f7bd3c7ce6a218ec.jpg 39,69,578,515,0
fall178_jpg.rf.286ad902b42bfe6eb294ed31a648161e.jpg 195,355,516,611,0
fall088_jpg.rf.2b4c3f2527d9b466410ca264f3401e5b.jpg 91,8,547,623,0
fall065_jpg.rf.2cd99283efb89313cd7844e38e758f31.jpg 147,209,465,537,0
fall009_jpg.rf.2ca6c493dc4ebcc99e906991fd110edb.jpg 36,36,610,534,0
not-fallen053_jpg.rf.34caef1bae2d46ce6333717cc4958928.jpg 80,133,346,568,0
not-fallen055_jpg.rf.2d92517d4fc088cd7f79530aac42351e.jpg 118,58,479,513,0 304,98,640,499,0
not-fallen067_jpg.rf.2f82fc888e8a67b60c2bd3422e884a1b.jpg 104,145,368,640,0
not-fallen071_jpg.rf.2f40ae3c89f9f386d4a8a83075da9512.jpg 170,105,332,614,0
fall182_jpg.rf.353b3031151471e58d81bb76b70b40e4.jpg 190,0,393,464,0
fall116_jpg.rf.34f28eafbe8727e426b5332ea69dba1e.jpg 251,253,372,611,0 521,148,640,473,0
fall129_jpg.rf.360afd5fec9a4a3d10d3a42cf7a37557.jpg 217,423,429,640,0
not-fallen098_jpg.rf.3632efae73bbe95a315482d6f7cf9066.jpg 322,0,489,640,0
fall187_jpg.rf.37b4e13f6e3c21c6225ea223e8372e59.jpg 124,431,460,640,0
fall142_jpg.rf.38ab602c2408bd6a9388951ca5c6171d.jpg 168,256,441,483,0
fall004_jpg.rf.36d8d372ac63bf4131f34e9cb1f01ba1.jpg 37,11,634,465,0
fall096_jpg.rf.3726cff5d33c1fe5550b9171157d3530.jpg 38,110,562,595,0
not-fallen058_jpg.rf.3982605b6843a212f90612b7b7b6d8dd.jpg 2,96,558,545,0
fall202_jpg.rf.38ee3545cac577b9313931a71c079944.jpg 111,92,420,362,0
not-fallen039_jpg.rf.2abd0d7f08294ed52956b7706c73af3c.jpg 306,124,536,576,0
fall194_jpg.rf.398448d52adcd48118bca26c7405f64c.jpg 304,362,521,556,0
fall188_jpg.rf.39a938ec9cd51eee3dbf70dc3dffaeac.jpg 322,427,502,631,0
not-fallen088_jpg.rf.3a6c41c4ea35c55b2711041bf5233274.jpg 39,20,485,626,0
fall131_jpg.rf.3b7bb2fb6ec7a5693f971d7824b2065e.jpg 217,123,383,593,0
fall121_jpg.rf.3cb772c3b0a9c189861b43b772900ba4.jpg 239,262,411,564,0 483,137,640,408,0
fall201_jpg.rf.39980f01d606f4403159e2d7ba6ff7f9.jpg 233,37,391,591,0
fall123_jpg.rf.3c8f96b085bfbde79ab49fcb6a4d5fa8.jpg 264,307,381,558,0
not-fallen135_jpg.rf.43c60a845f518a1b50573351786a5955.jpg 3,95,587,400,0
fall199_jpg.rf.42500ccf9acd68928c499779bbf8e710.jpg 237,383,439,640,0
not-fallen113_jpg.rf.3d66453d3ecf68b67dfe4a222909e6b8.jpg 100,17,468,640,0
not-fallen047_jpg.rf.43ecde750080c2112af39d340ba4d01e.jpg 254,136,395,602,0 82,182,140,463,0 183,190,223,327,0
not-fallen089_jpg.rf.40ce789393fe3ceaa04d94a5e958801c.jpg 69,42,294,613,0
not-fallen018_jpg.rf.41b03feec7bf0c574b7508aeb0d4c1f9.jpg 0,73,637,635,0
fall153_jpg.rf.4a103228c1be0442cbf637f89ce643e8.jpg 132,395,458,640,0
fall042_jpg.rf.4707e779fa3681f5b53e752484f0ab68.jpg 109,108,594,580,0
fall067_jpg.rf.4a1c3cbb18b8e87ca50beb6eb3717b24.jpg 121,45,583,536,0
not-fallen084_jpg.rf.46de8b664a6935ad9e3cf73e55f203e1.jpg 199,36,634,640,0
fall073_jpg.rf.4a8f9f566d48dfbcb26b4a3b27c480a1.jpg 166,239,433,408,0
fall175_jpg.rf.4e02f3467e4b54cbd9f223fcb81dcf0e.jpg 185,110,454,429,0
fall008_jpg.rf.4dab0eba136da6ac5d51332c9003fed2.jpg 69,82,625,587,0
fall168_jpg.rf.4139ac6f7e2cc2c7bb9af7f7ab799175.jpg 192,285,423,596,0
fall098_jpg.rf.4e642e08891067f58a6668d6215f3bc1.jpg 143,85,585,607,0
not-fallen006_jpg.rf.5239c092f19db6977440a586a4359912.jpg 110,6,475,596,0
not-fallen026_jpg.rf.50f08e4d1707ec82acc834787c0386bb.jpg 88,102,231,573,0
fall113_jpg.rf.53802bfaa7f3596f911c6d5898031c1a.jpg 52,443,401,640,0
fall103_jpg.rf.4eb7dd7c29152dd627b7e6f1580d9c0d.jpg 141,147,541,576,0
not-fallen048_jpg.rf.4ec5eba5c10cf5c77c7e2478ec7839c5.jpg 301,21,508,620,0
fall013_jpg.rf.5304bb1244c9c02fb9da75e5b9ee124c.jpg 142,56,552,339,0
not-fallen023_jpg.rf.551a0476d70f9565cc7e4ec29fd12c17.jpg 362,133,480,623,0 222,144,269,383,0 291,148,332,396,0 451,177,485,355,0 540,179,595,357,0
not-fallen128_jpg.rf.4daea90b7bfeebb54da1bc61c5c76553.jpg 259,0,497,640,0
not-fallen041_jpg.rf.55e3b532544c44cd3b68db1ff4d9f3c7.jpg 76,17,490,640,0
not-fallen148_jpg.rf.5c813493178bbbcce6332ab49a802ff5.jpg 182,263,453,585,0
fall052_jpg.rf.560f65aa0ab3a6814ea4df9eefa0fe24.jpg 10,123,539,378,0
fall102_jpg.rf.5ad2753263420473c87f04ab228a7291.jpg 57,482,432,640,0
not-fallen019_jpg.rf.5e132c054c01e154d236fd7daf2f14ae.jpg 23,48,604,519,0
fall097_jpg.rf.5704bbd84c9ff7299af7de8833f95745.jpg 27,217,624,619,0
fall164_jpg.rf.5a7ab59101dab8b81cf1251537630aac.jpg 162,352,470,640,0
not-fallen066_jpg.rf.5f5c6f7442b330b7f784c8a48d9be026.jpg 12,88,640,571,0
fall172_jpg.rf.64d6f1ca164a2f978f247ea1b13c5bc0.jpg 113,252,358,526,0
fall066_jpg.rf.63408c6947c10b8c62e548ea1c11c33f.jpg 159,63,536,443,0
not-fallen072_jpg.rf.652d1da26498e390304c19f81ebf8e06.jpg 398,92,640,640,0 19,77,160,640,0
fall034_jpg.rf.6849e29cedbc4217c600188b6e1fd3ea.jpg 79,143,618,592,0
fall101_jpg.rf.69dcc326fed828504c2e624affb10c64.jpg 82,125,493,640,0
fall169_jpg.rf.6142707835f4502ecbbb88cb60c9a1d9.jpg 16,400,399,640,0
fall156_jpg.rf.675697080e049e2d5c2a4200c4665852.jpg 155,94,409,398,0
fall100_jpg.rf.6c0a1a9941cdec8128671773372f8e12.jpg
fall140_jpg.rf.6cd601399cf53910cad45b23be508ae3.jpg 162,370,459,640,0
fall014_jpg.rf.6d393994bfbf2efbf9ce68536867ae70.jpg 3,23,637,626,0
not-fallen037_jpg.rf.745d5cad3e668618bdc75a41aaee4589.jpg 90,103,429,597,0
not-fallen123_jpg.rf.725b50fc920919ab85837c378eb3c51a.jpg 165,154,388,563,0
not-fallen061_jpg.rf.6ded7b3362be311d42ec78bd5d9be8cc.jpg 67,64,581,602,0
not-fallen032_jpg.rf.749de47728c0bee9238efea0c0e3b327.jpg 52,40,443,574,0
not-fallen031_jpg.rf.79bcd07abc356db69429d6e9b631b520.jpg 148,163,474,621,0
not-fallen085_jpg.rf.68834783aea919ba2498022a8e4edee0.jpg 344,155,434,523,0
fall128_jpg.rf.74bdbb3754192de3919fbe30321c487d.jpg 58,360,427,640,0
fall027_jpg.rf.727e308f0e9f3c183d982186336a25a8.jpg 169,217,538,605,0 296,90,569,442,0
not-fallen154_jpg.rf.7be88ca5722acddc30a85aabc70a7183.jpg 336,101,435,492,0
fall157_jpg.rf.78724dfc51c82569f48d917b4568ca58.jpg 145,109,377,459,0
fall069_jpg.rf.78585c10f1d36fd6a1187edd26d9902d.jpg 195,171,569,485,0
fall018_jpg.rf.7d8d8c43764f424105079e79b5906012.jpg 78,21,634,603,0
fall133_jpg.rf.7a61a0766b23f82a7f08c3198a0519d2.jpg 39,408,466,640,0
fall189_jpg.rf.7d60fbe53d5ca31d4df3683edee7bd69.jpg 309,443,502,640,0
fall137_jpg.rf.7f333124bdca0679696fabc4a0d822ee.jpg 110,385,434,640,0
fall184_jpg.rf.7fda926439c6a8fbc2bc0974e848f0d1.jpg 219,392,528,639,0 56,268,208,521,0
fall077_jpg.rf.81f6f75bc9b84f88ce1b5223b69e6e89.jpg 114,160,443,442,0
not-fallen146_jpg.rf.81edaf51b37fc2539ec9171c08298773.jpg 339,140,575,562,0
fall130_jpg.rf.83118d41eeb12ca31c402846207d5588.jpg 172,16,380,459,0
fall208_jpg.rf.81d3e93f6173df88f1ccba61d5552a7d.jpg 155,203,420,640,0
fall107_jpg.rf.8223eef8bfb2ebca4167b732662fc15f.jpg 0,327,585,640,0
fall016_jpg.rf.83ccc192a549335bed89e775514b9e52.jpg 105,71,488,250,0
fall060_jpg.rf.8719f8fed52ee26a308ce9776028d463.jpg 38,39,570,618,0
not-fallen120_jpg.rf.7ddb1d8d076c01ba63d36133aabf45a8.jpg 121,32,453,629,0
fall041_jpg.rf.84cbecac3a2359560daedb9d5eac182d.jpg 43,45,512,517,0
fall017_jpg.rf.8410ef00212753b1481245618b0b989a.jpg 19,393,638,576,0 259,166,462,417,0
fall031_jpg.rf.891903c94205fa0954a23ce28142e5d1.jpg 10,75,418,622,0
fall136_jpg.rf.8809190a781c5c8765973c7ef992af24.jpg 188,286,448,640,0
not-fallen044_jpg.rf.8a7df894ef353eed8f9850475b3e8b14.jpg 195,124,441,638,0
not-fallen078_jpg.rf.892db91f3ffe2560db4b8531b6127052.jpg 108,0,490,636,0
fall197_jpg.rf.8cd348535e333c2d5932a8435e4cdc6e.jpg 149,260,443,495,0
fall036_jpg.rf.953d381c60f2d50b547118c4db980616.jpg 110,42,624,503,0
not-fallen150_jpg.rf.91b696dc82996b18c0793e461d8432ad.jpg 220,80,482,640,0
fall092_jpg.rf.8f2b2b9aa2ed97aa0daadacef9551732.jpg 110,41,636,292,0
not-fallen118_jpg.rf.90027394eddaf9d9931115d2b59a666f.jpg 61,8,529,623,0
not-fallen075_jpg.rf.93a1f98278559b500a2c35c4e4060297.jpg 318,16,603,578,0
fall158_jpg.rf.97923f0fad598e92c3a36c4f9e1506d4.jpg 106,340,395,616,0
not-fallen092_jpg.rf.8dd5c22ebf813c034a25d8881d2057ba.jpg 140,168,488,565,0
not-fallen009_jpg.rf.9574e7036d2f6f761bdee4b311c38d0e.jpg 161,10,480,640,0
not-fallen109_jpg.rf.8f051ce13faee40e31b1b74c209dc646.jpg 202,105,605,593,0
fall037_jpg.rf.9a46ac00c0252e219c1cdee162837421.jpg 0,33,628,466,0
not-fallen033_jpg.rf.966e82f5f3f3b5b9eba1e350d6bd2fc8.jpg 84,81,578,606,0
fall081_jpg.rf.994b93e73b5f73f58bc2efc0f2f15a6c.jpg 162,105,596,541,0
fall047_jpg.rf.9b01923249aabb7b21cfd6ba3bc75119.jpg 44,56,447,537,0
not-fallen114_jpg.rf.9c7299eb1762342f4ebcfc1a54a48eac.jpg 350,72,478,503,0
not-fallen070_jpg.rf.a150ecb0a56c3a1c4c6b9068addaf8a9.jpg 125,57,632,608,0
not-fallen011_jpg.rf.9ccd0ad587b31cfb81a081d5c8cb0a02.jpg 247,116,405,552,0
fall020_jpg.rf.a0c009222c0fec63e2ff487a23fbccf0.jpg 50,20,579,521,0
not-fallen156_jpg.rf.a38473a5292a306450937007be557ddf.jpg 378,141,584,600,0
not-fallen095_jpg.rf.a292689259fcdf661d533235a1508582.jpg 11,18,522,593,0
fall024_jpg.rf.a5384d78303e60d6ba7cc63938d54d23.jpg 17,153,450,437,0
not-fallen160_jpg.rf.a34a628e35ce3a28a42ac283a7010559.jpg 370,108,501,456,0
not-fallen015_jpg.rf.a35d8c59737c7b93278436ff711d3113.jpg 77,10,601,640,0
not-fallen002_jpg.rf.a92b849a388afb5ee68aed611e5b5516.jpg 305,259,373,587,0 355,238,404,511,0
not-fallen090_jpg.rf.a90a23cfb4cb27d8ff93feeed9584ae8.jpg 193,58,314,577,0
fall148_jpg.rf.a7846af26df528257c2433c6aec48079.jpg 165,0,422,406,0
fall167_jpg.rf.9ac25d7992096f9fe1164effae3b3d92.jpg 164,210,454,397,0
not-fallen020_jpg.rf.a587c6e156bca67b942e08fc6beda6fe.jpg 109,89,541,605,0
not-fallen166_jpg.rf.ab504a6bc1022801f2ef4c73638ce6a0.jpg 278,83,450,496,0
not-fallen069_jpg.rf.aa07e63f848907b761fa55126c596d19.jpg 0,218,416,637,0
fall043_jpg.rf.af6833394056fa81e4b944ac939351b8.jpg 116,62,523,587,0
not-fallen152_jpg.rf.ac9d97b50a3bf1109ce4d0c4d7fe3654.jpg 94,43,333,513,0
fall203_jpg.rf.afb0d7546bd186e4fe17d543e2f76071.jpg 189,292,548,506,0
not-fallen165_jpg.rf.ac69ae3b4522e4a59b520b0f129203f6.jpg 317,208,442,495,0
fall115_jpg.rf.b1382514115d0f9a1aba78fc9a68da2d.jpg 518,147,640,471,0 216,208,369,576,0
fall091_jpg.rf.ae21984b844f248bd64a9735fd6054f7.jpg 122,112,527,435,0
not-fallen057_jpg.rf.b080c15b454652d4090b2b193c68b776.jpg 95,50,620,551,0
fall180_jpg.rf.ab00df2dff027e2b43047517e3a976ac.jpg 194,132,478,420,0
not-fallen080_jpg.rf.b35308fcfe43cdfe739651db22e56957.jpg 82,81,529,640,0
not-fallen004_jpg.rf.b4ec3a723146821c653c1dd3f8e62cd6.jpg 95,164,295,573,0
fall054_jpg.rf.b16553df0e3026a83aa8f15658e7c7ae.jpg 51,17,625,584,0
fall002_jpg.rf.aff3ca401a6160a27aecdd3095f61b9f.jpg 284,178,443,415,0
not-fallen115_jpg.rf.b6e3085cf8fcf102202114291aab5ad0.jpg 341,59,490,613,0
not-fallen097_jpg.rf.ba25e6d92757bc6180d1480054e273dd.jpg 87,129,496,597,0
fall028_jpg.rf.bd303aeae6fd4e811cb94f7ad6dddfca.jpg 40,42,464,582,0
fall090_jpg.rf.b200a73d832a1ce56178dcc5c4f0b896.jpg 0,117,536,619,0
not-fallen124_jpg.rf.b30c71fc030060edca4c2c9c1e4552c0.jpg 125,116,340,582,0
fall056_jpg.rf.b8e67282345575d7c6e15f29746079ef.jpg 35,78,454,516,0
fall010_jpg.rf.bea2ba31314bd12a2addd0e36b3bf7a2.jpg 200,199,413,498,0 16,27,241,594,0 258,38,542,592,0
fall163_jpg.rf.bff43b6d55810ffc6a49686361754e93.jpg 162,225,414,535,0
fall046_jpg.rf.b6bf4539b57d52d6cafe76dfe98ed530.jpg 87,115,530,541,0
fall204_jpg.rf.c264b57653bf97a56ba595a38ec337f6.jpg 203,240,582,535,0
fall161_jpg.rf.c1fd98374d27b4cd3affd780a83bfe6d.jpg 170,427,516,640,0
fall032_jpg.rf.bdd4576f0366370a1ddd10a81846e901.jpg 145,370,616,598,0
not-fallen101_jpg.rf.c146f45dcb1be45f4df69f3aa032dab0.jpg 136,189,628,571,0
fall006_jpg.rf.bd57fabb2e9e0a2ddc391b681bf1943d.jpg 54,10,634,622,0
not-fallen043_jpg.rf.c3c80a3b858fb21a8aad7889cd7f7972.jpg 130,28,450,634,0
not-fallen126_jpg.rf.c381099450cadd1a969f7bbc37e06b38.jpg 213,139,550,628,0
fall126_jpg.rf.c7f5c237638833dda378ed2238933fe2.jpg 217,188,405,535,0
fall207_jpg.rf.c7df9dfff00dddff190d4a490ad498bd.jpg 178,409,480,640,0
not-fallen141_jpg.rf.c31d013326ea06fb8424c76e080ea6d2.jpg 131,197,603,597,0
fall071_jpg.rf.c5be4e8bac9e13a97857aa89186ef22f.jpg 229,0,620,433,0
not-fallen008_jpg.rf.c3b7e3168933a7417e5d6600b3d8cbf0.jpg 195,166,402,602,0
not-fallen060_jpg.rf.cb65ae8ebdbffa393c832d629bd64f75.jpg 63,233,613,595,0
fall029_jpg.rf.c8cbed0a433211731b2cc5ec4e0de496.jpg 39,166,558,541,0
not-fallen162_jpg.rf.cbdec4ce7f36914368322a881a88c0c9.jpg 376,217,514,632,0
not-fallen112_jpg.rf.c9829657c59f5b4ac08025f7e8fa41a4.jpg 223,151,529,616,0
not-fallen121_jpg.rf.c4cd90c8bf5b8754a523d3c5d8a4ed9c.jpg 272,109,417,605,0
fall122_jpg.rf.cac9be85adf5b63d98d6a44a961db215.jpg 118,439,478,640,0